v2.0 raw
800000 1c00000 0 84400000 14c00000 0 d000004 0
11000004 84400000 84400000 24c00000 1 2 3d000004 a
21000004 84400000 1 84400000 10 84400000 10 84400000
10 84400000 60 31000000 3f800000 80 84400000 36400100
85400000 84400600 85400000 84400a00 1000 3000 4d000004 2002
51000004 84400a00 6000 57000000 e000 5b000000 10000 84400e00
6000 63000000 54400000 40000 84400000 1000 3000 6f000004
2000 73000004 84400000 4020 79000000 0 7d000000 90
84400000 80000 700000 6000 89000000 6090 8d000000 40400090
